100
2 5 1
805 111 46
512 512 2
33 90 764
309 381 508
513 513 256
770 451 131
45 56 35
417 554 450
231 606 214
166 940 129
894 319 147
4 5 5
193 329 113
4 5 2
300 498 551
512 512 513
185 838 171
4 1 4
44 681 890
103 143 88
87 930 940
259 534 102
513 513 257
291 734 951
276 688 263
476 139 843
2 1 1
1 4 3
42 421 1
61 875 43
258 386 88
899 708 405
386 398 501
512 512 256
653 10 4
195 492 17
3 1 2
327 991 298
3 4 2
945 902 604
480 788 628
406 906 678
32 819 23
4 2 1
521 761 567
1000 1000 1
459 318 649
801 284 211
951 814 946
7 8 5
390 406 25
149 636 124
1 1 1000
841 736 998
827 282 307
671 729 467
5 4 3
462 298 872
195 2 1
859 808 579
513 513 1
326 209 364
2 4 2
815 681 465
512 512 1
483 218 62
4 4 2
147 176 48
2 1 1
941 731 366
478 104 56
914 837 911
376 487 699
131 222 506
873 49 13
512 512 257
524 989 142
22 97 19
55 618 557
501 867 384
5 1 5
513 513 512
4 1 1
3 3 3
787 240 205
1 5 1
4 4 3
912 923 973
577 534 350
912 53 36
947 263 665
1 4 3
1 1 1
1 4 1
117 71 846
467 881 359
2 4 4
513 513 2
1 1 5
