100
661 478 441
907 10 7
277 876 618
526 25 16
7 8 5
938 394 903
3 4 2
969 598 491
783 518 32
671 975 521
1 1 1
128 78 983
283 378 230
2 5 1
319 60 46
97 880 89
308 625 892
469 141 798
3 3 3
512 512 257
3 1 1
807 49 622
417 857 544
523 608 599
4 1 3
710 729 118
4 1 1
474 839 533
789 828 973
541 837 607
97 396 27
113 278 20
512 512 513
1000 1000 1
3 4 3
1 4 4
567 769 171
425 562 710
537 401 385
4 5 5
899 408 386
512 512 2
262 396 223
839 439 401
147 361 242
564 786 627
1 2 4
887 262 638
513 513 512
798 913 782
639 707 212
67 71 53
75 546 8
513 513 256
363 620 774
88 339 821
702 499 543
64 44 8
1 1 1
104 742 217
513 513 2
996 344 71
810 482 392
517 682 48
610 58 45
103 143 88
597 213 233
862 927 545
940 207 35
2 3 1
512 512 256
411 216 320
1 1 1000
3 1 3
2 2 5
37 532 14
1 3 5
3 1 1
1000 959 776
4 4 4
984 420 590
2 2 2
1 1 4
46 466 685
4 5 2
858 830 855
45 56 35
1 4 1
606 258 621
511 653 105
215 576 147
231 830 204
513 513 257
512 512 1
82 770 44
513 513 1
691 591 173
977 596 424
4 1 1
404 86 61
