100
719 136 55
613 429 411
645 938 683
363 759 203
275 317 415
931 95 494
339 814 254
330 889 179
647 876 459
583 18 18
512 512 1
139 234 136
204 895 101
508 440 576
45 56 35
390 23 22
898 631 792
1 4 1
524 728 788
908 580 270
1 3 1
512 512 257
276 43 30
4 2 2
46 202 4
3 5 1
1000 1000 1
537 674 413
570 488 277
184 576 147
143 174 118
159 421 71
2 3 2
513 513 1
1 4 5
103 143 88
221 692 893
1 1 1
119 751 114
994 924 440
635 399 223
830 354 328
448 882 992
213 862 770
611 122 883
4 4 5
942 104 32
582 584 284
757 630 671
135 876 692
997 834 204
5 4 5
496 241 196
598 102 43
4 5 2
279 214 204
512 512 513
178 19 855
1 1 1000
92 948 918
4 5 5
356 772 275
3 2 2
865 960 198
4 2 4
197 229 65
4 3 3
7 8 5
886 461 835
894 63 670
2 1 1
3 4 2
512 512 256
513 513 2
247 488 280
513 513 257
513 513 512
761 213 891
512 512 2
1 3 1
122 369 654
513 513 256
536 441 637
73 445 7
408 730 344
4 3 5
600 187 73
950 147 102
4 4 4
858 743 787
252 525 871
176 170 10
72 70 58
1 2 5
485 260 820
4 5 4
755 609 660
3 5 2
1 4 1
566 870 663
